6.986665682635964
7.128528349226207
7.954349756441218
8.244399393384983
6.149887647794912
6.180167878423476
5.582650587799767
5.656758869800626
6.278273518323715
5.522997774391877
4.344462247547347
6.398619569373615
5.7175261957956085
6.183494820164337
9.719838523834426
3.971142521190003
5.338882940538763
6.0051875928183485
6.546762067297756
5.608219162711754
4.835047415747512
6.445083463262785
4.54700032986305
8.21692464345459
7.750531234739262
6.811083443838015
5.0110053234794485
4.386665261843519
7.819275406029599
7.457683753317286
6.284395377747263
5.080529949511214
4.774866724100155
6.7973556773795725
7.272431173517978
6.0608125810532405
7.016127645962596
6.127868344000806
7.048525669665436
6.63962490549959
5.140425814553544
4.937499711437793
4.073138899903824
4.837317138878754
4.244315605209562
6.030347175102456
4.703647799246105
6.576771466560479
3.607305642373936
4.076969590973258
4.470398337094806
5.005402025634445
6.902769109201789
5.474087637425984
6.223895644257474
3.9291009369075063
7.291931366726793
6.963533146449815
7.256801828637747
6.977655050047221
4.400428202327434
5.863668600674976
3.9310952016800034
5.803724661395201
6.225855569644596
8.17497957292699
4.476976544052539
10.148157499945956
4.8552377861717275
5.6582629548264824
6.036372926407126
6.790350897403049
